# fisheye Kannala-Brandt  RMS=2.5561 px

image_width: 640
image_height: 480
camera_name: fisheye_camera
distortion_model: equidistant

target_width: 640
target_height: 480

distortion_coefficients:
  rows: 1
  cols: 4
  data: [-0.015795, -0.065551, 0.062975, -0.018554]

camera_matrix:
  rows: 3
  cols: 3
  data: [310.17777,   0.55347, 297.52978,
           0.     , 310.92139, 251.81362,
           0.     ,   0.     ,   1.     ]

rectification_matrix:
  rows: 3
  cols: 3
  data: [1., 0., 0.,
         0., 1., 0.,
         0., 0., 1.]

projection_matrix:
  rows: 3
  cols: 4
  data: [310.17777,   0.55347, 297.52978,   0.     ,
           0.     , 310.92139, 251.81362,   0.     ,
           0.     ,   0.     ,   1.     ,   0.     ]
